[43.6419490, -79.4498388, 1271],
[43.6414509, -79.4511333, 467],
[43.6411797, -79.4491674, 799],
[43.6411767, -79.4477075, 60],
[43.6407904, -79.449071, 541],
[43.6406252, -79.44834, 127],
[43.6416379, -79.4524894, 5],
[43.6410401, -79.4513884, 190],
[43.6408488, -79.4513772, 522],
[43.6405440, -79.4514697, 775],
[43.6569046, -79.4563034, 4],
[43.6403098, -79.4487249, 893],
[43.6411135, -79.4478338, 19],
[43.6410232, -79.4480355, 59],
[43.6400012, -79.4514885, 6],
[43.6403391, -79.4514721, 182],
[43.6440229, -79.4406668, 11],
[43.6433664, -79.4443946, 10],
[43.6430421, -79.4457244, 3],
[43.6428005, -79.446906, 5],
[43.6428098, -79.4472622, 10],
[43.6391823, -79.4485352, 2],
[43.6440814, -79.4516187, 12],
[43.6432846, -79.4512807, 6],
[43.6419982, -79.4506494, 85],
[43.6431697, -79.4548654, 20],
[43.6533051, -79.4563431, 4],
[43.6404591, -79.4514894, 346],
[43.6402412, -79.4515109, 227],
[43.6424822, -79.4497221, 66],
[43.6399978, -79.4519344, 24],
[43.6415775, -79.4543535, 15],
[43.6439621, -79.4459495, 9],
[43.6439630, -79.4408617, 2],
[43.6427095, -79.4426649, 18],
[43.6410048, -79.4472783, 4],
[43.6407807, -79.4518113, 519],
[43.6403923, -79.4519158, 246],
[43.6403842, -79.4526119, 103],
[43.6423108, -79.4492709, 33],
[43.6418642, -79.4467938, 37],
[43.6436456, -79.4473197, 10],
[43.6451894, -79.4409269, 1],
[43.6408137, -79.4513184, 141],
[43.6418952, -79.4506404, 60],
[43.6420039, -79.4515604, 22],
[43.6393992, -79.4483415, 6],
[43.6412095, -79.4538047, 10],
[43.6420227, -79.4494671, 561],
[43.6422766, -79.4494805, 24],
[43.6409577, -79.4514349, 235],
[43.6401282, -79.4535524, 5],
[43.6411595, -79.4529828, 24],
[43.6408605, -79.4528038, 13],
[43.6409601, -79.4524299, 8],
[43.6421564, -79.4506489, 49],
[43.6405996, -79.4486627, 16],
[43.6410195, -79.4483708, 6],
[43.6406143, -79.4523842, 26],
[43.6403938, -79.4514344, 228],
[43.6505897, -79.4530061, 10],
[43.6411537, -79.4514978, 234],
[43.6419419, -79.4467551, 63],
[43.6411448, -79.4491907, 133],
[43.6405107, -79.4489322, 19],
[43.6424724, -79.4508635, 16],
[43.6410472, -79.4517944, 132],
[43.6437260, -79.4469236, 22],
[43.6540816, -79.4562106, 2],
[43.6548068, -79.4565577, 11],
[43.6417307, -79.4510627, 11],
[43.6413608, -79.4523207, 28],
[43.6403180, -79.4536683, 7],
[43.6420646, -79.4506699, 37],
[43.6401999, -79.4528027, 31],
[43.6438178, -79.4464381, 9],
[43.6415010, -79.4530349, 7],
[43.6430663, -79.4511816, 30],
[43.6431148, -79.4512551, 15],
[43.6403175, -79.4519422, 31],
[43.6410635, -79.4514447, 61],
[43.6402220, -79.4529328, 91],
[43.6402288, -79.453666, 5],
[43.6409572, -79.4536826, 5],
[43.6410390, -79.4518897, 14],
[43.6408632, -79.4528905, 2],
[43.6416647, -79.4514345, 116],
[43.6423493, -79.4459114, 2],
[43.6499306, -79.4526742, 8],
[43.6439766, -79.4508223, 8],
[43.6405900, -79.4521873, 14],
[43.6414838, -79.4440073, 7],
[43.6402418, -79.4523415, 62],
[43.6401236, -79.4524856, 23],
[43.6405778, -79.4527355, 23],
[43.6419749, -79.449932, 1],
[43.6417038, -79.4476251, 6],
[43.6416841, -79.4479016, 2],
[43.6416149, -79.4481268, 7],
[43.6415118, -79.4482841, 4],
[43.6415099, -79.4487117, 10],
[43.6413991, -79.4487549, 11],
[43.6414336, -79.4490105, 2],
[43.6401842, -79.4519485, 25],
[43.6406913, -79.4520193, 54],
[43.6423108, -79.4512038, 11],
[43.6397141, -79.4512683, 3],
[43.6399564, -79.4515153, 216],
[43.6609359, -79.457814, 1],
[43.6597880, -79.4572869, 3],
[43.6577255, -79.4564562, 8],
[43.6443444, -79.4535447, 5],
[43.6393530, -79.4482255, 9],
[43.6413685, -79.45204, 12],
[43.6401714, -79.4514104, 126],
[43.6426565, -79.451444, 5],
[43.6444296, -79.4433731, 8],
[43.6414132, -79.4517275, 8],
[43.6414619, -79.4439058, 6],
[43.6414238, -79.4445847, 5],
[43.6412501, -79.4452889, 8],
[43.6411498, -79.4457, 14],
[43.6429043, -79.4511273, 4],
[43.6425247, -79.4516373, 7],
[43.6418962, -79.4540183, 13],
[43.6441904, -79.4509066, 3],
[43.6424883, -79.4484056, 41],
[43.6488102, -79.4526717, 1],
[43.6401746, -79.4523527, 23],
[43.6402489, -79.4526444, 71],
[43.6406121, -79.4524697, 5],
[43.6413423, -79.4539823, 10],
[43.6442567, -79.4515691, 9],
[43.6414329, -79.4440642, 5],
[43.6421456, -79.4453144, 7],
[43.6422599, -79.4447208, 10],
[43.6426368, -79.4497863, 9],
[43.6421611, -79.440905, 7],
[43.6490233, -79.4528354, 2],
[43.6439171, -79.4426547, 28],
[43.6434234, -79.4440262, 5],
[43.6433428, -79.4441389, 3],
[43.6432426, -79.4446088, 3],
[43.6441686, -79.4515252, 10],
[43.6410842, -79.4490808, 110],
[43.6506264, -79.4534854, 2],
[43.6442357, -79.4508007, 22],
[43.6588358, -79.4570259, 11],
[43.6412357, -79.4526648, 14],
[43.6430321, -79.4498682, 18],
[43.6423280, -79.4512719, 14],
[43.6438895, -79.4463956, 10],
[43.6445514, -79.4446771, 3],
[43.6391369, -79.4485166, 2],
[43.6407324, -79.451928, 23],
[43.6445264, -79.4448004, 1],
[43.6504638, -79.4534294, 9],
[43.6450126, -79.440519, 3],
[43.6427032, -79.4494361, 13],
[43.6406853, -79.45211, 59],
[43.6406306, -79.4537056, 12],
[43.6410283, -79.4537386, 22],
[43.6423306, -79.4507095, 70],
[43.6419337, -79.4506218, 65],
[43.6410217, -79.4482786, 35],
[43.6411282, -79.4503746, 72],
[43.6406678, -79.4521924, 39],
[43.6493279, -79.4524737, 4],
[43.6486129, -79.452145, 6],
[43.6480182, -79.4518515, 6],
[43.6400387, -79.4515153, 45],
[43.6420134, -79.4521425, 1],
[43.6416745, -79.4520835, 8],
[43.6443517, -79.4438738, 6],
[43.6430156, -79.4521118, 1],
[43.6429110, -79.4520671, 3],
[43.6405475, -79.4487455, 35],
[43.6471271, -79.4516078, 4],
[43.6523261, -79.455985, 12],
[43.6435073, -79.4496446, 7],
[43.6449007, -79.4414206, 4],
[43.6435983, -79.4398484, 1],
[43.6429375, -79.4414721, 4],
[43.6432576, -79.4417379, 1],
[43.6435035, -79.4405189, 1],
[43.6424588, -79.4411669, 1],
[43.6519689, -79.4557807, 9],
[43.6401510, -79.4492918, 200],
[43.6408821, -79.4535727, 4],
[43.6437049, -79.4471529, 31],
[43.6441240, -79.4451471, 10],
[43.6441740, -79.4449684, 4],
[43.6420720, -79.4494857, 81],
[43.6428608, -79.4503564, 2],
[43.6542411, -79.4568632, 4],
[43.6406148, -79.4485815, 12],
[43.6441824, -79.4528913, 4],
[43.6401119, -79.4519501, 18],
[43.6502767, -79.4535036, 8],
[43.6405512, -79.452813, 25],
[43.6420447, -79.4499908, 2],
[43.6419907, -79.4498573, 4],
[43.6428658, -79.4514528, 22],
[43.6425864, -79.4502375, 17],
[43.6398325, -79.4517528, 6],
[43.6414980, -79.449385, 29],
[43.6439487, -79.4514407, 14],
[43.6436603, -79.4514355, 8],
[43.6481754, -79.4545347, 4],
[43.6403950, -79.4519024, 1],
[43.6438998, -79.4519954, 6],
[43.6434672, -79.453385, 41],
[43.6436817, -79.451348, 18],
[43.6407775, -79.4535875, 5],
[43.6550098, -79.4566054, 9],
[43.6408632, -79.4528905, 1],
[43.6502208, -79.4551983, 4],
[43.6388530, -79.4484657, 1],
[43.6411654, -79.4514676, 5],
[43.6434774, -79.4519164, 1],
[43.6638355, -79.4596254, 2],
[43.6419605, -79.4535391, 3],
[43.6447279, -79.4530641, 11],
[43.6449261, -79.4530735, 3],
[43.6430490, -79.4459672, 10],
[43.6429804, -79.4463366, 14],
[43.6429006, -79.4465044, 9],
[43.6424613, -79.4487724, 10],
[43.6423920, -79.4489641, 13],
[43.6546519, -79.4564533, 4],
[43.6522178, -79.4559493, 8],
[43.6405327, -79.4536632, 3],
[43.6422965, -79.4496391, 27],
[43.6433788, -79.450116, 23],
[43.6406670, -79.4483879, 23],
[43.6436599, -79.4474048, 75],
[43.6412554, -79.4527342, 12],
[43.6441436, -79.4448873, 8],
[43.6418879, -79.4466453, 6],
[43.6409978, -79.4467404, 4],
[43.6406538, -79.4485122, 24],
[43.6405288, -79.4488438, 26],
[43.6410401, -79.4513884, 1],
[43.6431473, -79.4548054, 6],
[43.6439668, -79.4407132, 3],
[43.6437659, -79.441869, 5],
[43.6423873, -79.4490989, 12],
[43.6401848, -79.4528751, 18],
[43.6405440, -79.4514705, 7],
[43.6635874, -79.4590595, 9],
[43.6427339, -79.4508015, 12],
[43.6421789, -79.449508, 49],
[43.6434355, -79.4484237, 2],
[43.6437160, -79.448943, 19],
[43.6545215, -79.4564249, 6],
[43.6418380, -79.448755, 3],
[43.6411790, -79.4529908, 1],
[43.6411790, -79.4529908, 1],
[43.6419526, -79.4462137, 18],
[43.6419383, -79.4462973, 32],
[43.6412891, -79.4450258, 1],
[43.6421578, -79.4494269, 43],
[43.6437862, -79.4487836, 5],
[43.6492445, -79.4544122, 21],
[43.6543816, -79.4569312, 10],
[43.6637603, -79.4589931, 4],
[43.6586309, -79.4569331, 8],
[43.6573270, -79.4562815, 3],
[43.6437617, -79.4470968, 34],
[43.6441222, -79.445029, 7],
[43.6444701, -79.4434893, 12],
[43.6432774, -79.446195, 3],
[43.6432206, -79.4534834, 12],
[43.6582506, -79.4568235, 3],
[43.6567316, -79.4564443, 4],
[43.6410622, -79.452123, 9],
[43.6425341, -79.4522805, 3],
[43.6408632, -79.4528905, 1],
[43.6417224, -79.4432376, 5],
[43.6549447, -79.4565358, 31],
[43.6444607, -79.4394811, 2],
[43.6632653, -79.4587983, 9],
[43.6631567, -79.4588621, 6],
[43.6410261, -79.4520609, 10],
[43.6438902, -79.4514038, 12],
[43.6403378, -79.452204, 25],
[43.6408632, -79.4528905, 3],
[43.6417015, -79.447817, 3],
[43.6485466, -79.4521269, 6],
[43.6442378, -79.4440871, 12],
[43.6432821, -79.4511469, 7],
[43.6442883, -79.444374, 4],
[43.6441204, -79.4451844, 5],
[43.6443237, -79.4516307, 9],
[43.6445198, -79.4517046, 7],
[43.6429496, -79.4498777, 54],
[43.6547220, -79.4571085, 55],
[43.6435628, -79.4486964, 3],
[43.6449110, -79.4410647, 3],
[43.6442628, -79.4400296, 17],
[43.6438434, -79.4417243, 3],
[43.6423763, -79.4508266, 11],
[43.6508090, -79.4536082, 8],
[43.6418381, -79.4506114, 28],
[43.6400137, -79.4524747, 6],
[43.6401534, -79.4535361, 4],
[43.6538241, -79.4566842, 6],
[43.6428767, -79.4515362, 3],
[43.6546080, -79.4570475, 13],
[43.6617370, -79.4582655, 3],
[43.6536939, -79.4566058, 4],
[43.6419252, -79.4466149, 20],
[43.6410224, -79.4463393, 4],
[43.6433191, -79.4442397, 8],
[43.6435147, -79.4435982, 2],
[43.6434323, -79.4438742, 5],
[43.6545091, -79.4570374, 14],
[43.6585529, -79.4568735, 8],
[43.6586969, -79.4569599, 9],
[43.6413814, -79.4492339, 4],
[43.6418998, -79.4464778, 46],
[43.6408779, -79.4528966, 19],
[43.6413683, -79.4447656, 6],
[43.6415511, -79.4527765, 2],
[43.6408765, -79.4527158, 13],
[43.6439419, -79.4458706, 1],
[43.6439618, -79.4457951, 4],
[43.6438640, -79.4434902, 5],
[43.6425487, -79.4436382, 4],
[43.6410566, -79.4460498, 6],
[43.6410413, -79.4462455, 7],
[43.6612465, -79.4582321, 1],
[43.6618710, -79.4583691, 2],
[43.6598225, -79.4573086, 2],
[43.6392074, -79.4485455, 2],
[43.6445117, -79.4505417, 6],
[43.6402420, -79.4493534, 1],
[43.6606566, -79.4576907, 2],
[43.6564186, -79.4568563, 1],
[43.6580712, -79.4567527, 9],
[43.6422539, -79.4450123, 4],
[43.6426512, -79.4429306, 7],
[43.6435285, -79.4433026, 3],
[43.6433693, -79.4443073, 3],
[43.6442172, -79.4460003, 1],
[43.6446217, -79.444074, 2],
[43.6446921, -79.443802, 1],
[43.6432087, -79.4491269, 14],
[43.6440016, -79.4407728, 6],
[43.6439383, -79.4411563, 5],
[43.6438860, -79.441523, 2],
[43.6441521, -79.4448032, 3],
[43.6411654, -79.4514676, 1],
[43.6411332, -79.4532591, 1],
[43.6430809, -79.4498885, 16],
[43.6430230, -79.4507874, 8],
[43.6423537, -79.452226, 2],
[43.6426619, -79.4519734, 1],
[43.6409565, -79.4523463, 10],
[43.6405936, -79.4526467, 25],
[43.6424264, -79.4508469, 11],
[43.6423397, -79.4532734, 5],
[43.6432258, -79.4544562, 4],
[43.6454301, -79.4513438, 9],
[43.6418288, -79.4424087, 14],
[43.6431837, -79.4450115, 8],
[43.6451203, -79.4508343, 17],
[43.6394251, -79.4513002, 3],
[43.6425819, -79.4433014, 11],
[43.6446722, -79.4422698, 7],
[43.6417625, -79.4428771, 8],
[43.6413116, -79.4448927, 4],
[43.6409721, -79.4465939, 11],
[43.6407274, -79.453194, 1],
[43.6609927, -79.4577836, 3],
[43.6607634, -79.457608, 18],
[43.6415231, -79.446008, 1],
[43.6430874, -79.4467878, 2],
[43.6429991, -79.4499005, 4],
[43.6419145, -79.4516534, 9],
[43.6416500, -79.4525462, 6],
[43.6612525, -79.4576564, 13],
[43.6436026, -79.4501026, 4],
[43.6425610, -79.4433958, 2],
[43.6424817, -79.443775, 1],
[43.6410255, -79.4519851, 20],
[43.6439059, -79.4527446, 1],
[43.6445908, -79.4517189, 15],
[43.6439587, -79.4460771, 6],
[43.6453046, -79.4508704, 2],
[43.6507561, -79.4535398, 6],
[43.6506919, -79.453513, 10],
[43.6506688, -79.453042, 7],
[43.6433233, -79.4539742, 8],
[43.6630293, -79.4588232, 7],
[43.6411498, -79.4514455, 3],
[43.6422012, -79.4405577, 5],
[43.6415481, -79.4542668, 4],
[43.6436645, -79.4492323, 1],
[43.6433376, -79.4486502, 1],
[43.6435747, -79.4486384, 1],
[43.6434769, -79.4482179, 2],
[43.6423964, -79.4490307, 5],
[43.6433452, -79.4513015, 13],
[43.6424316, -79.4438977, 5],
[43.6422167, -79.4403016, 9],
[43.6433083, -79.4448008, 4],
[43.6431303, -79.4452819, 4],
[43.6438546, -79.4465507, 14],
[43.6404746, -79.4521928, 1],
[43.6410476, -79.4479774, 57],
[43.6432276, -79.4506254, 9],
[43.6423795, -79.4440959, 5],
[43.6402347, -79.451934, 7],
[43.6432101, -79.4499118, 5],
[43.6438755, -79.4477401, 13],
[43.6404493, -79.4528358, 54],
[43.6426200, -79.4508554, 4],
[43.6422152, -79.4449385, 1],
[43.6432419, -79.4517798, 3],
[43.6420142, -79.4459246, 8],
[43.6466821, -79.4516607, 4],
[43.6414926, -79.4488533, 7],
[43.6415138, -79.4485195, 7],
[43.6416103, -79.4482532, 3],
[43.6424687, -79.4501623, 5],
[43.6420612, -79.4457053, 10],
[43.6439242, -79.4506492, 15],
[43.6411436, -79.4538719, 1],
[43.6428804, -79.4524136, 4],
[43.6420794, -79.4520962, 3],
[43.6417330, -79.449426, 2],
[43.6420219, -79.4457176, 3],
[43.6426094, -79.4431157, 12],
[43.6434742, -79.4436763, 3],
[43.6417392, -79.4431658, 3],
[43.6426276, -79.4430203, 7],
[43.6435309, -79.4434322, 3],
[43.6411855, -79.4455206, 7],
[43.6410389, -79.448176, 23],
[43.6415533, -79.4436043, 4],
[43.6412657, -79.4523763, 4],
[43.6414560, -79.4532118, 3],
[43.6401210, -79.453386, 1],
[43.6495034, -79.4525273, 3],
[43.6486928, -79.4521979, 5],
[43.6434557, -79.4504756, 1],
[43.6417961, -79.4426982, 1],
[43.6411033, -79.4459356, 9],
[43.6426919, -79.4427484, 7],
[43.6434290, -79.4410587, 1],
[43.6442030, -79.4515362, 9],
[43.6422632, -79.4507763, 27],
[43.6403950, -79.4519024, 1],
[43.6405041, -79.4536504, 7],
[43.6487618, -79.4522324, 2],
[43.6416006, -79.4540429, 3],
[43.6485622, -79.4546164, 4],
[43.6409176, -79.4526008, 11],
[43.6425353, -79.4515723, 5],
[43.6437157, -79.4506924, 2],
[43.6429943, -79.4502466, 3],
[43.6436885, -79.4472868, 27],
[43.6421824, -79.4424255, 5],
[43.6439194, -79.4461738, 4],
[43.6436778, -79.4491518, 1],
[43.6416080, -79.4442965, 1],
[43.6422291, -79.4512318, 1],
[43.6420465, -79.4511941, 2],
[43.6410635, -79.4514447, 1],
[43.6405440, -79.4514697, 2],
[43.6613044, -79.4577817, 4],
[43.6389974, -79.4484623, 2],
[43.6411648, -79.4529716, 10],
[43.6432781, -79.4464443, 3],
[43.6439013, -79.4460875, 5],
[43.6394251, -79.4513002, 1],
[43.6437635, -79.4466865, 6],
[43.6442439, -79.4534396, 2],
[43.6404615, -79.4535434, 1],
[43.6420881, -79.4522573, 2],
[43.6428062, -79.4525007, 2],
[43.6464728, -79.4542146, 3],
[43.6433992, -79.4539022, 39],
[43.6607585, -79.4572571, 2],
[43.6426591, -79.4428575, 8],
[43.6407425, -79.4536438, 2],
[43.6403597, -79.4536853, 4],
[43.6439722, -79.4529245, 1],
[43.6499789, -79.4532251, 1],
[43.6416060, -79.4515283, 5],
[43.6429489, -79.4514753, 1],
[43.6537315, -79.4559717, 2],
[43.6443888, -79.4407655, 8],
[43.6413672, -79.4521232, 6],
[43.6408164, -79.4514577, 5],
[43.6432355, -79.4466834, 6],
[43.6430315, -79.4473351, 4],
[43.6408109, -79.4514359, 1],
[43.6432381, -79.4447221, 6],
[43.6429719, -79.4462571, 8],
[43.6428736, -79.4466, 4],
[43.6538975, -79.4560181, 1],
[43.6450775, -79.4403165, 3],
[43.6412242, -79.4515201, 23],
[43.6405440, -79.4514705, 2],
[43.6416643, -79.4507622, 4],
[43.6419728, -79.4461223, 5],
[43.6392429, -79.4489434, 1],
[43.6409019, -79.4489663, 2],
[43.6439146, -79.453331, 6],
[43.6561821, -79.457358, 29],
[43.6439011, -79.446247, 14],
[43.6444322, -79.451604, 10],
[43.6425567, -79.4501098, 12],
[43.6397761, -79.4483992, 2],
[43.6477860, -79.4545497, 7],
[43.6406724, -79.4537393, 5],
[43.6434488, -79.4500482, 2],
[43.6474696, -79.4545971, 1],
[43.6438429, -79.4431512, 10],
[43.6475403, -79.4546199, 1],
[43.6421780, -79.452109, 1],
[43.6414235, -79.4510538, 1],
[43.6418148, -79.4511411, 2],
[43.6443837, -79.4438019, 5],
[43.6421234, -79.4456107, 7],
[43.6449164, -79.4535687, 3],
[43.6417496, -79.4473621, 8],
[43.6604223, -79.4571359, 20],
[43.6433561, -79.4396381, 1],
[0, -79.4404412, 3],
[43.6440513, -79.4405824, 1],
[43.6441121, -79.4422774, 3],
[43.6424375, -79.4486604, 8],
[43.6431826, -79.4545964, 7],
[43.6410343, -79.4461385, 8],
[43.6612072, -79.4576771, 8],
[43.6412708, -79.4524911, 3],
[43.6428651, -79.4466651, 5],
[43.6503553, -79.4529278, 1],
[43.6429032, -79.4498584, 8],
[43.6418432, -79.4484686, 1],
[43.6621599, -79.4583195, 3],
[43.6422554, -79.4448679, 6],
[43.6410439, -79.4465436, 9],
[43.6444068, -79.4448532, 4],
[43.6424499, -79.4438258, 5],
[43.6412628, -79.4539301, 8],
[43.6437137, -79.4501595, 2],
[43.6489639, -79.4543268, 2],
[43.6400634, -79.4514879, 6],
[43.6447306, -79.4419596, 4],
[0, -79.4412512, 3],
[43.6448544, -79.441541, 3],
[43.6448725, -79.4411794, 1],
[43.6441312, -79.4400688, 3],
[43.6440910, -79.4404018, 6],
[43.6436152, -79.451459, 2],
[43.6421057, -79.4509502, 1],
[43.6580484, -79.4566114, 4],
[43.6431233, -79.4507202, 10],
[43.6427381, -79.4501955, 11],
[43.6434397, -79.4436135, 2],
[43.6432800, -79.4445269, 4],
[43.6431072, -79.4451802, 4],
[43.6436153, -79.4513192, 8],
[43.6509389, -79.4552914, 11],
[43.6415518, -79.4516018, 9],
[43.6409760, -79.4522508, 10],
[43.6422479, -79.4500002, 2],
[43.6430233, -79.4503392, 6],
[43.6413666, -79.4446147, 5],
[43.6409739, -79.4486393, 4],
[43.6418524, -79.4485611, 1],
[43.6422171, -79.440488, 2],
[43.6443432, -79.4439952, 2],
[43.6419132, -79.4541622, 3],
[43.6429909, -79.4510887, 1],
[43.6431586, -79.4547036, 6],
[43.6422351, -79.4446265, 8],
[43.6423847, -79.4441733, 7],
[43.6446803, -79.4509973, 6],
[43.6429214, -79.452427, 1],
[43.6416643, -79.4507622, 1],
[43.6437745, -79.4470399, 22],
[43.6415272, -79.4484182, 6],
[43.6428463, -79.4530887, 1],
[43.6435738, -79.4493273, 2],
[43.6445718, -79.452256, 5],
[43.6434572, -79.4512475, 9],
[43.6431282, -79.4499552, 19],
[43.6417267, -79.4522224, 2],
[43.6437709, -79.453547, 3],
[43.6636966, -79.4589956, 2],
[43.6420778, -79.4411242, 6],
[43.6482576, -79.4525268, 4],
[43.6606526, -79.4571135, 4],
[43.6424742, -79.4523565, 6],
[43.6412586, -79.4451534, 6],
[43.6423283, -79.4462891, 1],
[43.6441035, -79.4470245, 2],
[43.6496192, -79.4525467, 3],
[43.6515464, -79.4558045, 7],
[43.6428280, -79.446822, 7],
[43.6458680, -79.4513205, 1],
[43.6445054, -79.4430621, 6],
[43.6419376, -79.4464219, 5],
[43.6424926, -79.4435234, 4],
[43.6436875, -79.4537188, 2],
[43.6430674, -79.4521362, 1],
[43.6566598, -79.456528, 2],
[43.6429998, -79.4462775, 7],
[43.6424836, -79.4409583, 1],
[43.6414866, -79.4437664, 7],
[43.6425487, -79.4434746, 6],
[43.6420004, -79.4458303, 11],
[43.6416461, -79.4523722, 3],
[43.6436981, -79.4490873, 4],
[43.6399835, -79.4484843, 1],
[43.6463997, -79.4513081, 1],
[43.6453445, -79.4508233, 5],
[43.6447627, -79.4535067, 6],
[43.6475068, -79.454061, 3],
[43.6489960, -79.4522878, 5],
[43.6408046, -79.449009, 3],
[43.6534345, -79.4565329, 2],
[43.6494215, -79.4525421, 5],
[43.6632171, -79.4588014, 2],
[43.6437555, -79.446749, 17],
[43.6400651, -79.4519606, 5],
[43.6513411, -79.4549642, 2],
[43.6608172, -79.4576154, 8],
[43.6468551, -79.4544595, 4],
[43.6438549, -79.4506239, 2],
[43.6486162, -79.4525664, 1],
[43.6440054, -79.4514708, 2],
[43.6470274, -79.4539729, 1],
[43.6497519, -79.4525921, 4],
[43.6438725, -79.4415879, 2],
[43.6413930, -79.4519426, 4],
[43.6524772, -79.4561155, 5],
[43.6611101, -79.4575335, 14],
[43.6417615, -79.4429663, 8],
[43.6430650, -79.4454743, 6],
[43.6428242, -79.4471325, 10],
[43.6414683, -79.4531331, 8],
[43.6616938, -79.4582958, 2],
[43.6574242, -79.4563313, 3],
[43.6469734, -79.4515282, 3],
[43.6424146, -79.4485884, 42],
[43.6434651, -79.4406574, 2],
[43.6436444, -79.4473988, 1],
[43.6440411, -79.4453419, 3],
[43.6411790, -79.4529908, 1],
[43.6498993, -79.4526247, 6],
[43.6589491, -79.4570219, 6],
[43.6435128, -79.4433785, 8],
[43.6435790, -79.4449402, 3],
[43.6432898, -79.4463783, 4],
[43.6414539, -79.4442218, 2],
[43.6418634, -79.4517644, 3],
[43.6593960, -79.4577526, 5],
[43.6637881, -79.4590309, 2],
[43.6441502, -79.4448496, 1],
[43.6438064, -79.4439117, 3],
[43.6436927, -79.4443758, 4],
[43.6416416, -79.4541088, 2],
[43.6453976, -79.4508852, 3],
[43.6429399, -79.4414148, 7],
[43.6431186, -79.4407478, 6],
[43.6444607, -79.4394811, 1],
[43.6423195, -79.4493146, 3],
[43.6435071, -79.4452712, 8],
[43.6417549, -79.4518063, 6],
[43.6426013, -79.4523195, 3],
[43.6445427, -79.4522556, 3],
[43.6436658, -79.4445045, 3],
[43.6437470, -79.4513189, 11],
[43.6421712, -79.4406518, 10],
[43.6411765, -79.4491812, 1],
[43.6404591, -79.4514894, 1],
[43.6513021, -79.455634, 3],
[43.6438576, -79.4432353, 9],
[43.6408109, -79.4514359, 1],
[43.6551762, -79.4568067, 1],
[43.6441992, -79.4535254, 5],
[43.6596032, -79.4572479, 5],
[43.6578206, -79.4565006, 7],
[43.6418360, -79.4531744, 2],
[43.6490952, -79.4527757, 1],
[43.6407821, -79.4509789, 1],
[43.6420931, -79.4500154, 2],
[43.6430093, -79.451025, 1],
[43.6422271, -79.4499761, 3],
[43.6630039, -79.4587477, 3],
[43.6629507, -79.4587275, 3],
[43.6473100, -79.4544196, 2],
[43.6413328, -79.453412, 1],
[43.6426985, -79.4539955, 6],
[43.6462576, -79.454021, 2],
[43.6417918, -79.4489012, 2],
[43.6415710, -79.4479979, 1],
[43.6423323, -79.4444652, 4],
[43.6429645, -79.4427924, 2],
[43.6432540, -79.4417365, 5],
[43.6435572, -79.4401446, 2],
[0, -79.44173305, 3],
[43.6433957, -79.4457763, 4],
[43.6473469, -79.4517494, 6],
[43.6442934, -79.4441475, 1],
[43.6414008, -79.4444356, 2],
[43.6412651, -79.4454554, 4],
[43.6414824, -79.4516839, 3],
[43.6446426, -79.4506107, 2],
[43.6440002, -79.4520589, 2],
[43.6425069, -79.4437183, 7],
[43.6616457, -79.458264, 4],
[43.6434442, -79.4439575, 1],
[43.6412292, -79.4533651, 2],
[43.6508289, -79.4551998, 3],
[43.6438614, -79.4514056, 3],
[43.6419578, -79.4511791, 1],
[43.6426349, -79.4523009, 2],
[43.6440326, -79.445431, 2],
[43.6430071, -79.4508264, 2],
[43.6422792, -79.4443996, 1],
[43.6447470, -79.4511142, 6],
[43.6432683, -79.4542279, 3],
[43.6416643, -79.4507622, 1],
[43.6451714, -79.4414708, 1],
[43.6410782, -79.4538361, 7],
[43.6463818, -79.4513896, 9],
[43.6426272, -79.4531198, 8],
[43.6437383, -79.4439396, 5],
[43.6425702, -79.4511648, 5],
[43.6448279, -79.4511771, 1],
[43.6413390, -79.451492, 1],
[43.6429793, -79.4459048, 2],
[43.6432822, -79.4540879, 3],
[43.6443885, -79.4436996, 3],
[43.6415369, -79.4457015, 2],
[43.6421599, -79.4407247, 1],
[43.6445268, -79.4450516, 1],
[43.6491366, -79.4523752, 7],
[43.6437818, -79.44684, 11],
[43.6431078, -79.4453773, 2],
[43.6437657, -79.4501959, 8],
[43.6510724, -79.4554675, 3],
[43.6421290, -79.4454073, 2],
[43.6499789, -79.4532253, 1],
[43.6434211, -79.4434693, 3],
[43.6428653, -79.4466764, 5],
[43.6443023, -79.4508498, 2],
[43.6423468, -79.4442714, 5],
[43.6452413, -79.4508496, 4],
[43.6437156, -79.444241, 6],
[43.6433980, -79.4456229, 6],
[43.6433427, -79.446242, 7],
[43.6446266, -79.4423811, 3],
[43.6447264, -79.4420297, 1],
[43.6433583, -79.4535578, 2],
[43.6429689, -79.4464035, 3],
[43.6420055, -79.4460411, 13],
[43.6426438, -79.4497157, 3],
[43.6415796, -79.4438793, 4],
[43.6422702, -79.4521771, 1],
[43.6444732, -79.4432303, 10],
[43.6423197, -79.444564, 4],
[43.6411281, -79.4458112, 2],
[43.6434361, -79.4511956, 2],
[43.6443171, -79.4411968, 5],
[43.6445842, -79.4517486, 1],
[43.6425056, -79.4407985, 2],
[43.6440104, -79.4455599, 2],
[43.6441395, -79.4402423, 8],
[43.6430357, -79.445609, 4],
[43.6414271, -79.4443006, 4],
[43.6471186, -79.4520283, 1],
[43.6604012, -79.4571464, 3],
[43.6495588, -79.4544875, 1],
[43.6474616, -79.4517793, 5],
[43.6630972, -79.4587796, 2],
[43.6435929, -79.4543733, 1],
[43.6431485, -79.4472298, 5],
[43.6430194, -79.4458214, 4],
[43.6417073, -79.4522616, 3],
[0, -79.442007, 1],
[43.6442574, -79.4409941, 4],
[43.6468021, -79.4543009, 4],
[43.6443143, -79.4442943, 5],
[43.6408109, -79.4514359, 1],
[43.6481013, -79.4523801, 2],
[43.6435613, -79.4451392, 2],
[43.6485820, -79.4542709, 1],
[43.6421783, -79.4451875, 1],
[43.6431347, -79.447053, 7],
[43.6438806, -79.4413189, 5],
[43.6613259, -79.4578554, 3],
[43.6448326, -79.4511556, 1],
[43.6440821, -79.4534178, 5],
[43.6438162, -79.4438593, 3],
[43.6446713, -79.4441842, 1],
[43.6432483, -79.4466008, 3],
[43.6473707, -79.4545754, 1],
[43.6446426, -79.4506107, 1],
[43.6437705, -79.44432, 2],
[43.6415597, -79.4526726, 1],
[43.6409168, -79.4467867, 5],
[43.6419553, -79.4436555, 1],
[43.6599565, -79.4572232, 1],
[43.6409603, -79.4524667, 14],
[43.6630429, -79.4592098, 2],
[43.6420428, -79.4413159, 5],
[43.6435641, -79.4546546, 1],
[43.6391975, -79.4489247, 1],
[43.6436727, -79.4488147, 6],
[43.6438044, -79.4433677, 10],
[43.6431308, -79.4467987, 1],
[43.6400013, -79.4521873, 1],
[43.6445120, -79.4402259, 18],
[43.6443916, -79.4406006, 8],
[43.6443962, -79.4436202, 4],
[43.6438280, -79.4437243, 2],
[43.6440299, -79.4454856, 3],
[43.6407042, -79.4509817, 6],
[43.6397867, -79.4512659, 3],
[43.6426136, -79.4432026, 2],
[43.6438857, -79.4462985, 2],
[43.6437278, -79.4440012, 3],
[43.6416502, -79.4434696, 7],
[43.6432943, -79.4398998, 4],
[43.6444343, -79.4404619, 4],
[43.6441992, -79.4415897, 4],
[43.6422696, -79.4466695, 1],
[43.6476174, -79.4546357, 4],
[43.6488732, -79.4522875, 4],
[43.6478018, -79.4523511, 3],
[43.6436549, -79.4447022, 1],
[43.6434629, -79.4454163, 4],
[43.6434495, -79.4456021, 4],
[43.6443948, -79.4403441, 2],
[43.6443772, -79.4408339, 3],
[43.6443285, -79.4410974, 2],
[43.6442195, -79.4413835, 3],
[43.6440672, -79.4514926, 12],
[43.6428385, -79.4470065, 5],
[43.6407445, -79.4517735, 1],
[43.6602406, -79.457161, 3],
[43.6411747, -79.4527507, 4],
[43.6401210, -79.453386, 1],
[43.6585078, -79.456834, 2],
[43.6473624, -79.4516949, 4],
[43.6436483, -79.4518627, 1],
[43.6437738, -79.4419464, 5],
[43.6431656, -79.4517587, 2],
[43.6416906, -79.451992, 3],
[43.6415283, -79.4528295, 5],
[43.6637580, -79.4595943, 4],
[43.6411783, -79.4453013, 5],
[43.6418003, -79.4540965, 5],
[43.6421607, -79.4540013, 7],
[43.6466728, -79.4542785, 3],
[43.6588290, -79.4574973, 1],
[43.6459837, -79.4538439, 2],
[43.6442593, -79.4445582, 5],
[43.6423872, -79.4440374, 7],
[43.6616039, -79.4582111, 1],
[43.6566224, -79.4567026, 8],
[43.6434640, -79.4437983, 5],
[43.6542617, -79.456283, 2],
[43.6408877, -79.4489087, 1],
[43.6470174, -79.4544159, 6],
[43.6411676, -79.4456091, 2],
[43.6407148, -79.4479749, 1],
[43.6525911, -79.4561755, 3],
[43.6574319, -79.4563733, 3],
[43.6434617, -79.4482943, 1],
[43.6441534, -79.4401666, 4],
[43.6441844, -79.4418902, 2],
[43.6435985, -79.4495878, 1],
[43.6428569, -79.4434113, 1],
[43.6432576, -79.4417379, 1],
[43.6444238, -79.4405643, 2],
[43.6438017, -79.4417871, 1],
[43.6438196, -79.4423002, 5],
[43.6495054, -79.4549693, 2],
[43.6435977, -79.4400476, 4],
[43.6428557, -79.4435913, 2],
[43.6438127, -79.4466063, 2],
[43.6420002, -79.4433978, 2],
[43.6423195, -79.4493146, 1],
[43.6470574, -79.4515793, 3],
[43.6392242, -79.4489204, 1],
[43.6414650, -79.4490649, 6],
[43.6633657, -79.4588695, 3],
[43.6518680, -79.4552202, 2],
[43.6409242, -79.4509738, 5],
[43.6412805, -79.4525905, 5],
[0, -79.440732, 3],
[43.6444913, -79.4403069, 2],
[43.6619323, -79.458793, 1],
[43.6437556, -79.4519272, 2],
[43.6443024, -79.4521537, 1],
[43.6416471, -79.4476901, 2],
[43.6394251, -79.4513002, 1],
[43.6465079, -79.4518419, 1],
[43.6424121, -79.448872, 12],
[43.6606998, -79.4577048, 1],
[43.6434866, -79.4484102, 3],
[43.6421784, -79.4403772, 3],
[43.6417839, -79.4426636, 1],
[43.6434463, -79.4455051, 5],
[43.6433646, -79.4460572, 9],
[43.6414205, -79.4441334, 1],
[43.6605690, -79.4571325, 1],
[43.6590473, -79.4570727, 1],
[43.6571924, -79.4562249, 1],
[43.6437529, -79.4465463, 4],
[43.6425363, -79.440641, 1],
[43.6410607, -79.4462837, 2],
[43.6433932, -79.4457081, 3],
[43.6498104, -79.4526135, 2],
[43.6480886, -79.4518784, 4],
[43.6408554, -79.4509762, 3],
[43.6417426, -79.4535181, 1],
[43.6509869, -79.4548757, 2],
[43.6432999, -79.4414022, 2],
[43.6439723, -79.4457266, 1],
[43.6414192, -79.4491688, 3],
[43.6413040, -79.4464608, 1],
[43.6429940, -79.4416293, 7],
[43.6471882, -79.4516134, 1],
[43.6469319, -79.4515271, 2],
[43.6597072, -79.4572654, 3],
[43.6621173, -79.4589829, 1],
[43.6432440, -79.454512, 1],
[43.6432789, -79.4541729, 3],
[43.6415341, -79.4435016, 4],
[43.6599058, -79.4576576, 1],
[43.6621913, -79.4584769, 3],
[43.6446160, -79.4505792, 2],
[43.6639004, -79.4590658, 3],
[43.6421361, -79.4425728, 1],
[43.6435053, -79.4551237, 1],
[43.6564650, -79.4573694, 1],
[43.6598477, -79.4577217, 1],
[43.6415034, -79.4436734, 2],
[43.6402571, -79.4485965, 1],
[43.6394251, -79.4513002, 15],
[43.6495681, -79.4525632, 1],
[43.6445842, -79.4517486, 1],
[43.6449799, -79.4530407, 4],
[43.6483929, -79.4546447, 2],
[43.6505045, -79.4547425, 2],
[43.6624206, -79.458601, 3],
[43.6482763, -79.4546965, 3],
[43.6639612, -79.4595537, 6],
[43.6424136, -79.4439819, 2],
[43.6432140, -79.4511168, 3],
[43.6570066, -79.4562782, 4],
[43.6565563, -79.4567397, 4],
[43.6420161, -79.4457431, 7],
[43.6433859, -79.4459671, 3],
[43.6412667, -79.4467321, 1],
[43.6440819, -79.4521063, 1],
[43.6442857, -79.441288, 4],
[43.6417846, -79.4489689, 1],
[43.6442351, -79.4463938, 1],
[43.6511828, -79.4553676, 2],
[43.6538247, -79.4566938, 1],
[43.6620354, -79.4584229, 4],
[43.6436270, -79.4494367, 1],
[43.6581349, -79.4567733, 3],
[0, -79.4411883, 3],
[43.6435365, -79.4505138, 1],
[43.6416859, -79.4541423, 3],
[43.6420759, -79.4454412, 9],
[43.6615546, -79.4581946, 3],
[43.6419434, -79.4435871, 2],
[0, -79.441651, 2],
[0, -79.4410794, 1],
[0, -79.440861, 5],
[43.6432471, -79.44649, 2],
[43.6424870, -79.4485727, 14],
[43.6423644, -79.4458532, 2],
[43.6493534, -79.4544245, 2],
[43.6532068, -79.4558025, 1],
[43.6425635, -79.4450906, 2],
[43.6609981, -79.4579737, 1],
[43.6620836, -79.4583688, 2],
[43.6435404, -79.4452093, 1],
[43.6499899, -79.4545273, 1],
[43.6414038, -79.4518254, 6],
[43.6403950, -79.4519024, 1],
[43.6421887, -79.4499388, 2],
[43.6421021, -79.4455546, 1],
[43.6422387, -79.4451141, 3],
[43.6408109, -79.4514359, 3],
[43.6628919, -79.4587082, 2],
[43.6429706, -79.4461613, 2],
[43.6413580, -79.4522364, 3],
[43.6447482, -79.4435497, 1],
[43.6498309, -79.4531887, 1],
[43.6430291, -79.4509645, 5],
[43.6423203, -79.4496398, 5],
[43.6439988, -79.4456362, 3],
[43.6418787, -79.4429883, 4],
[43.6421798, -79.4451403, 4],
[43.6433454, -79.4397034, 1],
[43.6447781, -79.4433542, 2],
[43.6429049, -79.4460847, 2],
[43.6405187, -79.4528624, 1],
[43.6443083, -79.4440656, 2],
[43.6430564, -79.4455351, 2],
[43.6566481, -79.4566389, 3],
[43.6416280, -79.4433363, 1],
[43.6426231, -79.4502705, 4],
[43.6419640, -79.454184, 2],
[43.6409905, -79.4485011, 5],
[43.6421057, -79.4509502, 1],
[43.6634057, -79.4594581, 1],
[43.6585513, -79.4574752, 3],
[43.6565898, -79.4567869, 3],
[43.6419074, -79.4479959, 1],
[43.6435766, -79.445065, 1],
[43.6420750, -79.4430265, 2],
[43.6521256, -79.4559156, 4],
[0, -79.4414808, 1],
[43.6430204, -79.4414006, 1],
[43.6436166, -79.4396807, 2],
[43.6441378, -79.4421503, 2],
[43.6438314, -79.4437794, 1],
[43.6437882, -79.4463683, 1],
[43.6437866, -79.4435606, 2],
[43.6430655, -79.4411865, 3],
[43.6637323, -79.4594879, 1],
[0, -79.44102955, 1],
[43.6451940, -79.4410941, 1],
[43.6451240, -79.4403634, 2],
[43.6623516, -79.4585108, 3],
[43.6512460, -79.4554744, 1],
[43.6442121, -79.4521375, 2],
[43.6421137, -79.451266, 3],
[43.6441869, -79.44622, 1],
[43.6427517, -79.4442334, 1],
[43.6405440, -79.4514705, 1],
[43.6441012, -79.4465149, 1],
[43.6439549, -79.4414615, 2],
[43.6433082, -79.4416813, 1],
[43.6432379, -79.4414785, 4],
[43.6452393, -79.4413119, 1],
[43.6440354, -79.4423287, 2],
[43.6433586, -79.4396398, 3],
[43.6553979, -79.4568281, 1],
[43.6619339, -79.4582137, 1],
[43.6466548, -79.4514815, 1],
[43.6445853, -79.4449896, 1],
[43.6410048, -79.4472783, 1],
[43.6418060, -79.4425804, 1],
[43.6418626, -79.4426178, 2],
[43.6401210, -79.453386, 1],
[43.6432388, -79.4543484, 3],
[43.6411654, -79.4514676, 1],
[43.6469387, -79.4544829, 2],
[43.6416107, -79.4526184, 2],
[43.6421178, -79.4407912, 1],
[43.6421001, -79.4410094, 3],
[43.6489216, -79.4522525, 1],
[43.6403174, -79.4519394, 1],
[43.6481881, -79.4524991, 1],
[43.6466935, -79.4538263, 1],
[43.6422567, -79.4465427, 1],
[43.6517927, -79.4558207, 1],
[43.6423881, -79.4538578, 2],
[43.6435094, -79.4501011, 1],
[43.6619941, -79.4583459, 1],
[43.6429868, -79.4460788, 1],
[43.6464977, -79.4513797, 2],
[43.6405120, -79.4531293, 1],
[43.6465306, -79.4542451, 1],
[43.6448342, -79.4534125, 4],
[43.6411654, -79.4514676, 1],
[43.6437428, -79.4441202, 2],
[43.6401938, -79.452922, 1],
[43.6460352, -79.4538293, 2],
[43.6437190, -79.4445825, 1],
[43.6411765, -79.4491812, 1],
[43.6421622, -79.4452293, 1],
[43.6448442, -79.441323, 1],
[43.6437379, -79.4441813, 1],
[43.6450023, -79.4534537, 1],
[43.6426998, -79.4502888, 2],
[43.6416643, -79.4507622, 2],
[43.6388530, -79.4484657, 3],
[43.6463997, -79.4513081, 1],
[43.6496337, -79.4529616, 1],
[43.6422797, -79.4539366, 1],
[43.6398787, -79.4492043, 1],
[43.6407799, -79.4515934, 1],
[43.6408109, -79.4514359, 1],
[43.6420917, -79.4429396, 2],
[43.6423453, -79.4463651, 2],
[43.6430745, -79.4409886, 1],
[43.6461891, -79.4534925, 2],
[43.6478023, -79.454169, 2],
[43.6528679, -79.4560907, 5],
[43.6403950, -79.4519024, 1],
[43.6436058, -79.4398124, 2],
[43.6445291, -79.4447272, 1],
[43.6416643, -79.4507622, 4],
[43.6416643, -79.4507622, 1],
[43.6424236, -79.4533263, 1],
[43.6467486, -79.4543059, 1],
[43.6608747, -79.4578538, 1],
[43.6499987, -79.4550648, 2],
[43.6479978, -79.4523977, 1],
[43.6408164, -79.4514577, 3],
[43.6424771, -79.4410895, 1],
[0, -79.4406255, 6],
[43.6431676, -79.4450947, 2],
[43.6403785, -79.451249, 1],
[43.6404713, -79.4512452, 3],
[43.6417427, -79.4448814, 2],
[43.6416630, -79.4454242, 1],
[43.6444378, -79.4451872, 1],
[43.6441269, -79.4468372, 1],
[43.6568425, -79.4564597, 1],
[43.6494644, -79.4544497, 2],
[43.6426614, -79.4496387, 3],
[43.6426799, -79.4495728, 1],
[43.6426252, -79.4494419, 3],
[43.6424139, -79.4488273, 6],
[43.6416643, -79.4507622, 1],
[43.6460188, -79.4532667, 1],
[43.6415896, -79.4454637, 1],
[43.6437205, -79.4526371, 3],
[43.6410048, -79.4472783, 1],
[43.6435441, -79.4402371, 1],
[43.6446426, -79.4506107, 1],
[43.6421422, -79.4411495, 1],
[43.6403950, -79.4519024, 1],
[43.6435103, -79.4549229, 1],
[43.6627451, -79.4587457, 1],
[43.6414701, -79.4532173, 1],
[43.6431802, -79.4449028, 1],
[43.6516813, -79.4556762, 1],
[43.6434278, -79.451888, 1],
[43.6418779, -79.4481745, 1],
[43.6434899, -79.4405875, 3],
[43.6447508, -79.4418151, 3],
[43.6547286, -79.4570837, 1],
[43.6443694, -79.4522087, 1],
[43.6605984, -79.4575389, 1],
[43.6593685, -79.4576373, 1],
[43.6621930, -79.4589032, 1],
[43.6425119, -79.4536686, 2],
[43.6430819, -79.4535893, 2],
[43.6445296, -79.4505803, 1],
[43.6499005, -79.4548665, 3],
[43.6429812, -79.4515759, 1],
[43.6429948, -79.4531612, 1],
[43.6441579, -79.4521108, 1],
[43.6416831, -79.4521738, 1],
[43.6429930, -79.4531479, 1],
[43.6551045, -79.4566752, 1],
[43.6622919, -79.4585507, 2],
[43.6413390, -79.451492, 1],
[43.6445762, -79.452313, 1],
[43.6423587, -79.4491749, 3],
[43.6497365, -79.4551538, 1],
[43.6501091, -79.4551758, 2],
[43.6414778, -79.4494866, 2],
[43.6409277, -79.4488346, 4],
[43.6431788, -79.4468975, 1],
[43.6396516, -79.4491111, 1],
[43.6462851, -79.4535967, 1],
[43.6531212, -79.4558435, 1],
[43.6552036, -79.4567178, 1],
[43.6419352, -79.4528781, 1],
[43.6401058, -79.4492974, 1],
[43.6394251, -79.4513002, 1],
[43.6436344, -79.4542572, 1],
[43.6420997, -79.4412411, 2],
[43.6400884, -79.4514346, 4],
[43.6445842, -79.4517486, 2],
[43.6430251, -79.4516022, 1],
[43.6445762, -79.452313, 1],
[43.6639944, -79.4591304, 1],
[43.6419768, -79.4534928, 1],
[43.6436584, -79.4539362, 1],
[43.6411654, -79.4514676, 1],
[43.6539640, -79.4561419, 1],
[43.6425597, -79.4407593, 1],
[43.6479127, -79.4523908, 2],
[43.6400519, -79.4485123, 2],
[43.6438092, -79.4513857, 2],
[43.6428083, -79.4503219, 1],
[43.6414132, -79.4443749, 1],
[43.6443669, -79.440705, 1],
[43.6418989, -79.4439699, 1],
[43.6433014, -79.4399016, 1],
[43.6430956, -79.4410589, 1],
[43.6433561, -79.4396381, 1],
[0, -79.44089395, 3],
[43.6423195, -79.4493146, 1],
[43.6440633, -79.4404823, 6],
[43.6440138, -79.4410742, 2],
[43.6439172, -79.4412605, 1],
[43.6567626, -79.4565087, 2],
[43.6430248, -79.4536006, 2],
[43.6547602, -79.4565185, 2],
[43.6587674, -79.4569867, 1],
[43.6443047, -79.4455964, 1],
[43.6421698, -79.4468013, 1],
[43.6441828, -79.4443696, 1],
[43.6413211, -79.4466525, 1],
[43.6442493, -79.4529935, 1],
[43.6401105, -79.4531482, 1],
[43.6427621, -79.4525167, 1],
[43.6574816, -79.4563066, 1],
[43.6508890, -79.4536245, 1],
[43.6427927, -79.4520681, 1],
[43.6411790, -79.4529908, 1],
[43.6564611, -79.4572593, 1],
[43.6436564, -79.4446015, 1],
[43.6436569, -79.4443331, 1],
[0, -79.440965, 3],
[43.6408164, -79.4514577, 1],
[43.6430916, -79.4473578, 1],
[43.6522662, -79.4553822, 1],
[0, -79.44188735, 1],
[43.6412876, -79.4541424, 3],
[43.6425653, -79.4537701, 1],
[0, -79.4421384, 2],
[43.6421057, -79.4509502, 1],
[43.6445842, -79.4517486, 2],
[43.6446183, -79.4510753, 1],
[43.6421057, -79.4509502, 1],
[43.6401210, -79.453386, 1],
[43.6444893, -79.4521581, 1],
[43.6418460, -79.4535778, 1],
[43.6428432, -79.4498109, 1],
[43.6508890, -79.4536245, 2],
[43.6552036, -79.4567178, 1],
[43.6433287, -79.4525126, 1],
[43.6442345, -79.4445052, 2],
[43.6412903, -79.4466895, 1],
[43.6396062, -79.4490924, 1],
[43.6439082, -79.4416678, 1],
[43.6434269, -79.4408927, 1],
[43.6411654, -79.4514676, 1],
[43.6408046, -79.449009, 5],
[43.6411654, -79.4514676, 1],
[43.6448025, -79.4530568, 1],
[43.6403950, -79.4519024, 1],
[43.6541557, -79.4562535, 1],
[43.6408029, -79.4489535, 1],
[43.6461175, -79.4540866, 1],
[43.6418801, -79.442198, 1],
[43.6429243, -79.4502211, 1],
[43.6443453, -79.4530083, 1],
[43.6509934, -79.4554324, 2],
[43.6415007, -79.4529708, 1],
[43.6478833, -79.4541886, 1],
[43.6389974, -79.4484623, 1],
[43.6496977, -79.4545191, 1],
[43.6446653, -79.4505068, 1],
[43.6435389, -79.451247, 1],
[43.6475335, -79.4541099, 1],
[43.6603264, -79.4571613, 1],
[43.6435984, -79.4397706, 1],
[43.6450054, -79.4534802, 1],
[43.6418631, -79.4442046, 1]
